-19775.489248883958
-4043.62972312571
-24767.709938549953
-32830.70490490683
-16180.466635912413
-18059.46136844798
-19389.302133340272
-7676.117836684167
-19135.170999960243
-15182.895126858788
-17565.499754932454
-15842.949670660852
-26843.954046527393
-10501.532909400357
-106408.05687122086
-3700.096583569156
-5726.604627983189
-8992.621545197533
-9180.349941552922
-51325.0661619178
-15702.99005021197
-13318.926055141876
-11962.615601475594
-5718.794343661974
-5540.814918545365
-16308.64708993142
-90798.40417530203
-17703.08569815208
-14039.71263169904
-17693.680738793868
-34513.19978734012
-191959.77570533665
-52958.76959297679
-31894.416874144208
-28724.69585322337
-29325.758958918545
-805296.393185436
-256850.3589263075
-120584.18209168215
-230914.5020514463
-6852.721501657691
-77270.00623279865
-30094.99733295213
-177222.9420091331
-38380.64165445505
-197917.8637692069
-208853.18183234305
-32275.073333211112
-37263.68444295498
-13115.340305069656
-35777.49007475825
-27733.314717715373
-39314.44400521461
-96846.11948444619
-517933.8421993602
-60379.20336766796
-33801.236509733026
-157656.16728534776
-34879.04205361942
-31633.453706149445
-27083.1672505533
-218538.01365354244
-142357.0669270065
-26412.283394458846
-16135.577366768943
-98047.85095632024
-84879.9022424255
-110999.96033771815
-32752.639441050895
-17188.44207807497
-23632.75301042121
-5986.454235537998
-7460.309641728122
-11473.507278633175
-35596.40866376933
-19880.508954012068
-40220.19230776493
-39096.44831570664
-18134.980758851467
