-20165.73503974096
-4002.865249433325
-23156.196402432397
-32944.13258278932
-18202.018513362156
-17586.710971893135
-18769.014075942938
-7822.958723181965
-18451.23296316284
-16078.984807398501
-17792.118338230317
-15364.73209974953
-25980.762462606097
-10525.809855552046
-117614.4886271229
-3417.926026691224
-5805.356819959734
-9349.248679829443
-8355.164990278687
-52553.05980751963
-17684.032205885214
-13377.003855148863
-10952.282318692492
-5396.639695620376
-5782.024639632134
-16055.397920058816
-88856.58517258415
-17415.693518710323
-14296.917176065015
-16598.234769886916
-34736.08219819252
-199199.6502793973
-52142.01880388851
-32583.36774615221
-28475.72646131345
-29286.276171290636
-804329.5291025068
-258257.14997908956
-119910.11915340996
-232634.7716563876
-6498.40043887255
-79412.63731122455
-30432.785534458573
-178539.11157240326
-33935.096761137924
-200267.5202294117
-209952.09213668093
-32210.6506294444
-36865.215713464095
-13356.100075156974
-37900.24824290984
-26628.48749151476
-39272.646740305296
-90860.15801951576
-505067.5299382478
-61028.4340939302
-34764.62769895004
-156126.9076824144
-35276.25124071876
-32284.772797863006
-27395.94001642126
-211865.95603239286
-138448.98344814748
-27774.679262902566
-16559.057953062384
-98491.23287643287
-79528.26570415993
-111560.12413426785
-32334.46406362877
-17826.258603710125
-25208.20722217224
-6820.195769144086
-6846.693749533517
-11070.120931218695
-35682.84628752202
-19826.565926854546
-39887.94567383422
-39187.11385990339
-18541.762592971532
