-18900.066869388094
-3432.02485877672
-23231.49459610025
-31525.839960088415
-16388.40844723591
-17669.57223893829
-18596.885773072678
-7797.9715614660245
-20409.35802756306
-14486.692140278143
-17831.047931578385
-15443.593277065575
-25687.28218749435
-10580.990178718888
-107934.36820965601
-3113.603253541872
-6050.6246008301705
-8248.88910193699
-9278.813165977806
-49762.221647357335
-15813.862383705498
-12963.336606599549
-11676.461060102205
-5711.586788284858
-5397.682266013359
-15681.582366550147
-88306.06536377018
-17378.04809246005
-15126.071565421506
-16954.409514039216
-34194.65658147712
-194148.95293056176
-53654.630140011075
-31887.770375972035
-28624.795461662616
-29754.007241325326
-814266.6712686372
-258023.5494079669
-121447.89736267594
-231700.40584689943
-6952.285683734026
-77048.44343260783
-29378.725278085916
-181094.15354328472
-36813.057196630194
-199943.25705059146
-209889.63051648627
-32239.224268108595
-37379.44623503691
-13091.509237030157
-36104.06904946424
-27851.41366951627
-38983.67935021589
-85897.10031973658
-516056.5284609108
-62009.71938414854
-33680.69021739868
-156765.03747341057
-35077.24185840266
-30361.99460451835
-27560.346922071913
-210298.81807487362
-140779.5901404946
-25699.67975773148
-15412.631417276658
-98711.38037788698
-81417.72063000116
-110315.00555618615
-32667.737891918434
-17536.57603903181
-26548.78601341303
-6403.782617651012
-6657.278366909047
-10965.19810772874
-35042.96901454496
-19933.990260339513
-40144.89029690943
-40114.72630045223
-18404.949187729864
