-19955.58671374389
-4085.1377326625457
-22671.59146629112
-33505.66680834592
-16860.12985389279
-18784.377596249007
-19548.557857489504
-7498.574133250998
-18460.507954258097
-13977.538462900986
-17627.68676177016
-15546.018518098364
-25766.403756970987
-10661.914603506795
-107009.63804803074
-3010.6396683753837
-5284.868129410034
-9298.836231625264
-8909.117803748442
-48670.02076073498
-14606.580789564288
-12124.365780133243
-11031.8804952883
-5657.195384617409
-5364.230584851874
-16791.940262606186
-90198.98961860832
-17323.489792055065
-14781.276702054742
-17149.88739633304
-35140.455213354595
-194259.68123205382
-52280.66495488174
-31966.359991721296
-28647.543260349918
-29541.586744639637
-818348.1748377116
-259515.5560715742
-118200.86303571783
-230446.99551177528
-6680.716878100193
-89381.05728734692
-31381.025097141843
-182256.22217395323
-35025.584032545725
-198007.30002552219
-209492.77193421245
-32444.99875568443
-37280.90078026133
-13414.908121419969
-35190.80199323061
-25047.234823176623
-39134.171894707455
-95132.0951457684
-504718.7199214157
-62424.1309420545
-33495.59706192728
-157823.57815224797
-35798.05858746648
-32190.726782726408
-28257.969779944113
-210965.1510408688
-139708.8935073407
-28043.234329808754
-17835.12498675659
-99252.95841150802
-83650.13020482316
-112418.69029527978
-31946.021870846074
-16382.988614095264
-25741.446643951247
-6427.700725243607
-6597.43170782369
-11597.102012984817
-35334.71739541847
-19610.42726861752
-39715.31773223773
-39223.708928705346
-17258.9837851738
