-19768.7715956095
-3873.013684493242
-23508.803383937448
-33870.76809747912
-16557.019340018236
-18153.04716461705
-19123.887533555517
-7746.873437094485
-20346.166007898122
-15416.951594801329
-17399.180962370847
-15230.55523685813
-25342.57648558844
-10511.110156524726
-100429.20405974438
-3454.842064381458
-5421.172044282209
-8923.435236839236
-9290.63587126738
-49038.49326892485
-16308.655983545537
-12775.093361785575
-10538.180156739149
-5603.859596643741
-5466.84069389498
-15335.188284763644
-88756.31208547881
-17983.649573125687
-14436.925557913743
-15682.002221198412
-34535.3475999186
-195510.93868098594
-52330.339060631355
-30789.654476546322
-29741.489486437476
-29575.322940954302
-817042.604307764
-258138.17780611382
-119858.40605953212
-232406.14640105658
-6890.351057855368
-79729.47435927222
-29973.264307358968
-171095.95135390662
-36173.5657302845
-200000.938770517
-211005.7405856878
-32285.060917729592
-37599.43342108283
-13441.790372877735
-36758.10637252688
-25321.014508467466
-38889.441180507456
-87650.79225516683
-516395.0143081299
-61834.102713035274
-33493.41055879629
-156803.1524330107
-35205.47324800773
-30918.88044655372
-27734.85956557518
-212706.29399894338
-138898.06288736482
-27701.037879766864
-17786.59891486918
-101371.7312396891
-82917.09360984365
-111657.16511707487
-32303.5627415707
-17082.248261208886
-25607.30115409904
-6770.532727587371
-7248.659818203903
-11089.31737683857
-34763.02791815264
-19630.28953758587
-39790.65084265913
-39048.83665217738
-17297.40533927869
