-19587.40145818263
-4081.076892846902
-23609.569494764954
-31851.30348398716
-16486.118249605446
-19717.615576785654
-18476.378880496275
-7788.011696305383
-18894.692947511037
-15264.782872376254
-17816.912473471944
-15903.654237715928
-26318.962209990546
-10672.109901841703
-100929.96864232571
-3475.4561558344517
-5833.415573134566
-7816.090234221665
-8644.05472203728
-50263.901099406234
-17499.493555553312
-13380.37127465606
-11655.919970818264
-5236.082896817653
-5447.88835902331
-15495.632008048913
-90209.14432914478
-17169.862916122514
-15173.29765472198
-15326.941901636934
-34758.1993651336
-194044.02648855513
-52501.808914918336
-30549.292786873804
-28236.058300368975
-29557.092213009244
-801499.5744587112
-256272.16663768986
-119735.2556992988
-231643.30310533027
-7119.777208959839
-81515.72621533676
-29336.373389468587
-171328.3041634905
-37417.031595773704
-199981.77813918205
-209018.3282713031
-32670.859983393315
-37623.3682033315
-13427.776909813432
-36566.92291176488
-30128.64595047434
-39115.681090445745
-92875.3192882219
-530929.5365956642
-62478.948680409856
-33849.783097071086
-159812.78132294148
-34567.077655272406
-32624.31029774259
-27310.096132027844
-212735.07176882215
-139058.06174298134
-27199.61837839698
-17033.763487833647
-99622.42365850744
-82770.25670930475
-110439.8937628628
-32702.83767635424
-17702.6027530077
-26506.08912626944
-6373.6939457403205
-6809.570220436515
-10807.295009035837
-35359.43327041225
-19729.49192795442
-39074.71259449889
-38539.12096579219
-17250.49622725038
