-19480.1300354712
-4266.159730253935
-23639.792570520403
-33486.39170623822
-17066.095734044542
-17956.767323964017
-18334.183457634605
-7786.286980153167
-19855.597179631888
-13924.623628857315
-19079.321443308876
-15249.065283442123
-25850.677265425536
-10635.042874895256
-98740.27751722473
-3420.7559111303012
-6290.4564311292825
-8907.828938288138
-9181.273004923822
-48119.64289182852
-17019.245348986344
-12600.60299701452
-11631.292380324341
-5503.794849449705
-5454.956950919187
-15772.441173332078
-90613.5454357252
-17387.811006430296
-13627.41958688748
-16741.297480107256
-34706.88449401199
-197266.42442971256
-51173.16662218018
-31366.29359754977
-28137.488100035458
-29795.4279027943
-807703.3499211201
-257177.6249929304
-118493.80329272353
-231956.47851889743
-6967.819810160008
-82996.24011909348
-29722.51284059119
-174226.0909197281
-37185.35943516954
-198761.03224405908
-210898.3812029719
-32631.53342723869
-37160.181472960176
-13069.257688044756
-36457.9574736945
-26657.406508670447
-39164.195853321246
-85749.13861737792
-511868.56949236774
-62521.029954103644
-34748.77372440454
-155447.83152437434
-34605.26539334216
-32320.352380218123
-27265.735134676594
-209427.07598408434
-139314.65609912225
-26422.674446786466
-16401.70725761694
-99290.85665036605
-80502.56149250474
-110159.63161584146
-32684.153083803707
-17517.533409669242
-24328.996240645218
-5870.263563830482
-7433.249278588864
-10702.487052082186
-35196.543225701236
-19883.64908633503
-40208.30203405183
-40082.7647174609
-17096.969596139457
