-19279.06793687331
-3949.101243461135
-25205.447020374188
-34092.59566695745
-17863.52145959007
-17698.34289787063
-19021.160467266014
-7567.191699649383
-19777.13909596713
-15128.93386678983
-18590.71337471416
-15134.801382430887
-25309.043521858293
-10373.44190290747
-109719.33005207492
-3253.641937003458
-6182.8167185649945
-9348.543344528021
-9438.628770175606
-52777.45458789127
-16554.767301870026
-13904.285301602798
-12260.28198869057
-5553.018680247658
-5344.9690147039955
-16405.888192372473
-89899.2001234749
-17737.053655160013
-14081.733059428718
-16870.173695327223
-35037.36731563664
-198652.7216557636
-54883.20939858968
-33711.63486565869
-28248.272119567366
-29543.50337108543
-815042.8954382376
-254907.53945861588
-119604.65199561608
-231888.03368941604
-6119.255677982177
-82998.18210274898
-29721.933817060082
-178226.43571120134
-39442.19654552495
-195504.87733790142
-209580.0904558448
-32655.35899016123
-36751.54270123429
-13070.882536517795
-35815.3486844362
-28808.230486355144
-38797.645618106864
-93173.4379593505
-501071.0060469837
-62696.2073654558
-33083.860702588034
-159784.88223566234
-36123.974814816895
-32250.0782242137
-28589.94995581909
-216855.85133024017
-138312.9586073712
-27668.924343475846
-16303.91946991191
-98755.33436601989
-79533.94999940909
-110996.26702421144
-32479.417496139453
-16709.116148518522
-26138.484836201456
-6185.864777652071
-7405.364105248584
-11954.851640772968
-34941.31703011383
-20126.743357654184
-40341.90624584709
-38845.73333065808
-17672.048951207755
