-19587.18957059241
-3494.9598968001987
-24961.35013801496
-33148.956667747225
-16172.774450381778
-20127.163935148114
-19012.716065333607
-7871.788687243619
-18420.306412724243
-15503.321542857251
-17904.47610420549
-15410.897935765812
-26063.922598189565
-10422.255649100436
-99784.3911053243
-3134.66814626452
-6075.952187149021
-9035.556951408003
-9257.481695531644
-54456.21918415442
-17278.937070088483
-12313.497970106479
-10769.156396423117
-5220.8981832327945
-5806.294893098711
-15893.854510172367
-90369.16009336458
-17007.931145667644
-14247.226905028598
-17513.737700222016
-35751.71032575015
-191406.16601441134
-53719.89326329272
-31950.875903727494
-28950.04128616099
-29119.41057011137
-815116.071084528
-255930.9300066771
-119620.43976540068
-230558.10939975738
-6608.464617073538
-84985.52862830617
-31233.35208250996
-171995.15953159853
-36381.12437378643
-197489.8658306803
-209421.83753019257
-32676.893934829204
-36970.58784033863
-13364.769212304425
-36270.26637462033
-27567.578467134692
-39322.82957946373
-93402.0419291912
-517638.09082033316
-61987.96702732041
-34021.18137762658
-159848.19030706066
-35720.714099823315
-32019.533894707725
-27217.51134615985
-211790.6608938616
-139565.25519788914
-27026.23516322977
-16415.664084942462
-99793.75500976623
-78111.00631948923
-111606.94835299689
-31145.59921413129
-16093.647622430966
-26311.024047579165
-5910.511763786347
-7385.983091622396
-11129.425237474145
-34773.16024316917
-20076.176206124568
-39901.86747999744
-39833.70848488107
-17371.080720525995
