-18627.82171022862
-4266.97774188607
-24514.176789228062
-34187.01679199658
-16397.73861145351
-18238.93101864037
-19637.99758775736
-7806.440145315114
-18939.16557204719
-14693.608846565381
-18039.721579579695
-14957.68347651249
-25561.943358134897
-10706.881836311339
-99261.3096496361
-3030.833784298132
-6295.529553214184
-9057.091383886233
-9117.560679649934
-51280.90552086118
-17227.878384369233
-13625.150368688843
-11672.049620099519
-5397.584991390671
-5545.890239958729
-16402.885682622324
-90537.84532417667
-17723.24937603871
-14038.106968633467
-16485.321144954203
-33862.0879812631
-190399.9833739827
-53201.910604109806
-32188.38856399112
-27854.45907825986
-29372.28455717311
-810677.0737837027
-256859.78598000263
-120326.66107368669
-230084.56804956883
-6100.271473664006
-78513.34151085904
-30510.534848975458
-170626.14927007508
-37429.72925617918
-197527.44423287446
-214821.33126511748
-32529.657396217302
-37197.38207153431
-13175.346120670982
-37203.7963227909
-27195.160511178576
-39036.41557058584
-90744.13033873761
-518561.99387786805
-61976.385295220716
-33339.61509256277
-156860.28860821237
-35914.13066910986
-32259.431259236586
-27736.796607240383
-212838.53329371478
-139072.87568160755
-27821.08409215186
-16459.820553509573
-98421.29968069335
-83185.22197286617
-110636.22826344262
-32605.35054906047
-17578.447742906817
-25132.712226972686
-6252.108133601649
-7312.229866076972
-11300.75495523207
-34969.71430455281
-19770.29652377919
-39864.82386118645
-39916.96146655826
-18540.21593696267
