-19507.032991154865
-3368.9944082579145
-23439.602445843124
-33370.876049691964
-15322.065494986668
-19636.693580696032
-20694.7174919074
-7721.0566691308895
-18860.245724379434
-13965.971413117682
-19790.146505646622
-15620.525254295942
-25291.37513250566
-10623.6399325608
-101353.25230105304
-3651.3047466067433
-5881.277669013078
-7956.915813066086
-9043.091273556041
-50935.8455768287
-15597.081706713143
-13654.270428666629
-11370.274957205636
-5641.577745423795
-5182.096456110466
-16421.665918330575
-87774.16339320263
-17230.251260578367
-14934.636593721214
-16042.629407871824
-34588.72346910285
-196475.15612426915
-53527.135067995274
-31999.156569254443
-27660.362349631734
-29528.434012938185
-802865.7465371271
-256783.7972394302
-119650.2766165701
-231448.31937491198
-7014.943532949281
-92376.48554004208
-29825.241615963238
-173304.87134728496
-34972.886827950126
-198563.99853784262
-210545.00351165593
-32559.13721003613
-37944.724597694854
-13080.713684861
-36996.26718449735
-27526.844798220576
-38961.04276092782
-91320.1711685139
-520565.0961191772
-61139.45009460703
-33394.36085622912
-157952.53444023005
-33909.40921720081
-32135.261923894966
-26851.585075219493
-212460.7334062126
-139543.98841793154
-26940.129755009133
-17733.441295641576
-98867.03642480116
-84381.01049204495
-112557.81181058465
-32113.001477320522
-17580.77881962578
-25727.155411447
-6432.299979541976
-7580.133550607603
-11501.670691423185
-34815.11083070299
-19898.396514798264
-40324.631967654605
-40358.77650425207
-17240.52260831816
