-18930.682097786274
-3420.9721543947257
-23179.169840944087
-33337.62462855681
-16776.390569003805
-18712.7137147005
-18792.566038250196
-7793.188482911317
-19601.657043148796
-15077.44711858215
-18751.321509637728
-14885.402601844828
-24804.05276636915
-10640.57058010531
-109340.99214193526
-3636.286752091208
-5816.518866319104
-8712.836343716113
-9344.694486840377
-52682.08280925455
-16023.564442839572
-12270.277849870949
-11919.759519685944
-6062.701344951835
-5463.309018313602
-16337.936650874484
-91131.4568546125
-17404.453950108273
-13053.806931811421
-14529.832935535202
-34442.8989559787
-197194.0813451268
-51103.445140760596
-32820.20826226201
-28086.282156220183
-29633.892502721228
-801813.9976091322
-258300.8574940402
-120326.80831557866
-232619.59623009237
-6584.111130566639
-83030.10864935436
-29137.103916350734
-179155.76849644812
-35918.684722561404
-198004.84055029796
-207948.52317028225
-32627.19997186372
-37602.81039518332
-13317.500638493771
-36025.05486691939
-26131.38793977282
-38974.45005003713
-94801.29157091939
-510172.16484625835
-61849.34423307812
-33968.44154106352
-157563.34498871228
-34586.18261570412
-33337.34372961055
-27545.888143398763
-212941.12841312934
-140354.02575111637
-27743.828345215115
-17174.706720386792
-100303.77541990022
-80377.80817984532
-111076.54354718757
-31556.274704742085
-17105.9506111202
-25706.45311695804
-6730.205392815701
-6443.702517261805
-12066.567273389637
-34517.01509421146
-19416.23301024285
-40239.65669248949
-38518.72513668848
-18538.156316632492
