-19877.62141392759
-4276.522790453704
-24150.048462155864
-34156.139196212556
-16523.251947324847
-18062.371762851548
-19565.65105208177
-7509.782875599713
-18719.774861769834
-16240.803892307424
-20650.53378347427
-15157.382127625515
-25718.18713983823
-10718.103073515715
-120886.34109545202
-3076.396245820562
-6505.62683521929
-8530.237657058702
-9492.26735047543
-47766.54895843119
-16704.100393695022
-13084.0557666162
-10554.808364679857
-5435.989503935568
-5001.078162572806
-16026.211045102087
-90372.36540474807
-17375.344558341993
-13591.099107927483
-17621.991923398433
-35009.89686124218
-196081.31536951772
-52236.18589728295
-32021.221111700826
-27986.10481994214
-29740.88854729432
-818098.3738901878
-258263.3646386173
-120304.89809217412
-229462.65208311522
-6973.264171159846
-76780.60841407132
-29291.93779794276
-179327.54871342206
-35638.39521279949
-198634.78444763934
-212826.90882319355
-32611.90453414687
-37844.699056985875
-13241.9126994495
-36225.33170584403
-27754.675611581413
-39121.373265276285
-84628.34134074529
-520462.2635729464
-63064.6413250174
-35187.264532731104
-156748.09639014778
-37581.376017521434
-31016.10207682766
-28170.50128121675
-211714.78656857318
-140635.98277777384
-27906.559426327676
-17118.359552301168
-98186.98153702164
-82784.559440226
-111102.82934528633
-32467.059225175562
-17531.619183927258
-24997.756607586023
-5851.968067972313
-6906.087492637368
-11015.474720494656
-34629.17952227557
-20127.474859110942
-39672.34810574612
-39547.48871307478
-17287.687700541897
