-19670.445315620218
-3830.4225255564847
-24018.850385871916
-33265.75138548693
-17323.793348599127
-18110.002776333662
-19610.38935024632
-7701.359546335481
-19701.65785075453
-14805.75284197222
-18445.068128905295
-15203.053342983108
-25237.203361495875
-10381.7438972716
-107264.04680339171
-3668.080221523189
-5726.263789426359
-8922.204885995572
-8491.338676755047
-52550.242850482966
-17089.56655156761
-13418.23455462184
-11720.599803079975
-5496.569068447077
-5528.860141540987
-15073.378994224247
-88931.18013546577
-17391.707571544437
-13869.399566103075
-16964.502777901245
-35848.93242624052
-192361.82609781733
-53580.60105839076
-33259.50623717997
-29781.383337151183
-29690.425741265604
-819021.1153955271
-257867.48331482592
-119575.9655535923
-230026.25188689155
-6957.963704122159
-86001.27053142157
-30593.836087188374
-185685.91861263863
-38678.33674615838
-200079.87180372208
-212606.3871537729
-32419.116332023325
-37648.00076746195
-13019.456455846492
-36742.26251002571
-29724.66699559645
-39192.91752801458
-87890.03005134396
-520835.9224683998
-62451.77039793503
-33894.16197528946
-157730.51278127386
-37659.16958877602
-32155.71003530331
-27655.851536756254
-211487.21503961642
-139065.81387683094
-26784.104753238928
-16114.100513104175
-97871.26793658244
-80926.25796585031
-111865.90342283403
-32659.43845742509
-17429.217887718478
-25328.89087442953
-6732.5654801728115
-7274.443697888355
-11300.041223063976
-35518.433948100785
-19617.809171347977
-40164.36451409843
-38695.33452894856
-17370.151921904075
