-19270.336244126724
-4158.240895488965
-22635.187923891313
-32716.96916657574
-16369.820453978797
-19136.85618009313
-18412.064992214102
-7692.382235104799
-19167.127707284126
-15890.014228280046
-18168.049117944458
-15180.327935991505
-26128.255189551088
-10403.28996572418
-101072.18965105776
-3166.1411342443985
-6750.768614833278
-8654.127091503431
-8440.803320044035
-48243.335689919295
-15803.633575854989
-12490.885073391488
-11992.179870422551
-5260.584536366004
-4972.308110245379
-15383.476542308583
-90773.03461122375
-17333.26818852386
-15295.730241103292
-14885.82180685479
-35510.43730465824
-194100.2369408845
-52255.31659536716
-31830.38480743554
-28607.563383278237
-29794.192751369592
-819948.5628058732
-258605.8886088127
-118847.19377387014
-231368.9744025243
-6381.248409416996
-83328.97650566223
-30053.01293535386
-167336.98364766597
-36568.1505378709
-199768.2130328803
-211879.38898821993
-32915.84053740232
-37891.137594061
-13184.7141053209
-34576.659189363694
-27290.579322373826
-39096.205532417196
-86326.87734969622
-497348.93751296174
-61285.15692084159
-34576.416375810164
-159602.23454807946
-35484.81920731045
-32746.367833538192
-27763.405169324094
-211770.94149836423
-138767.67849457412
-26961.58873888081
-16547.233523571478
-97306.04309982306
-81917.8219629085
-112382.95435016991
-31150.66645746643
-17589.980752839794
-25571.125042590545
-6308.037489866694
-7024.612429473317
-11648.437106932624
-35453.16239059046
-20294.102987495036
-39899.99001265738
-39523.081976610505
-17276.15303136907
