-19269.119148058642
-4280.252601121284
-24149.75147698565
-32533.764388487594
-16362.52835515812
-18967.146782126587
-18738.8159565913
-7726.363127610709
-18301.81561173059
-15217.38495485255
-20016.553913612985
-14781.065329123145
-27330.590692933012
-10333.558226310859
-111247.9793315384
-3518.365875803616
-6691.091027291373
-8782.592566284344
-9249.131761874545
-50377.34486464011
-16269.350782320917
-13787.512509793018
-12218.409497694378
-5028.478282637751
-4809.942493836267
-15064.0820180074
-88258.7025227935
-17177.886125709327
-14713.698698046735
-15275.781512627975
-34419.98301387
-191867.85664238757
-53748.61392608473
-31618.954050896107
-29454.29936071298
-29466.37955128004
-812592.8080195712
-258920.71638400154
-119424.46397266275
-231298.56637978205
-6897.882364901109
-84061.65425544324
-30044.916765556834
-187867.11026088585
-36499.37283776282
-198065.59745750294
-209111.0723159452
-32539.771293494243
-37823.15737202044
-13152.636305863503
-37512.364963150685
-28714.875867451716
-39161.03166270757
-90420.18491902047
-523041.54552111763
-63206.49656943319
-34275.07340126131
-158960.14118389768
-34462.16700060652
-30585.95814760957
-28729.992601067755
-216780.4402369535
-139349.19431014394
-27964.840421662666
-16805.834223343332
-101332.3432290729
-79305.3327767499
-110902.47881509508
-31982.252411910962
-16703.772927390128
-26391.810868829703
-6275.169959787063
-7302.176649752371
-11088.811148230065
-34413.47085745278
-19856.36475064819
-40331.34929056089
-40508.72996396516
-17334.775589352226
