-20024.41218804193
-3771.7638316668395
-23981.971769353502
-33951.731557663006
-17184.95476844694
-18345.218294942046
-18468.195267379866
-7766.64881475281
-18332.105889592225
-14197.697744270323
-17798.060525513833
-15642.887729857259
-27351.356502264694
-10769.655410456973
-98165.21927696539
-3412.8883054897174
-6657.019347570504
-8441.305826579533
-8822.236620224623
-49986.76618896423
-17547.94204505824
-13096.094766490216
-11866.554610033894
-5227.447813686054
-5453.085233214726
-16411.924663690646
-89982.97951596949
-17515.713054555516
-14676.198696346795
-17498.182990512716
-35016.47981904879
-191888.72510323886
-53238.97215878473
-31956.4784962206
-28507.33983438127
-29680.79345748609
-812363.004652269
-259600.62259731305
-119212.02098309866
-233068.70011958465
-7328.91239762531
-78105.26434749058
-30353.69043769461
-171766.0804038714
-38144.89807040898
-198439.49336438556
-208476.53368905856
-32736.492563511623
-37290.848886567546
-12858.79076091526
-35588.08452971545
-28228.023343494682
-38943.06759773211
-88819.37647292462
-526137.4389520033
-61411.91357534458
-33197.719590488385
-157388.7324012443
-35359.10093243682
-33985.26148321487
-26980.569011895484
-211431.5631044383
-140778.2724050561
-27834.318104399586
-17940.415558193487
-100072.4169187112
-82739.67896468617
-112375.76333336727
-32257.20994832745
-17290.155681441254
-25997.285131585846
-6651.65523655309
-7375.387928669678
-10563.62559659022
-35312.20990596795
-19777.904991218955
-40086.84045592098
-40093.01327384556
-17185.74455998878
