-18914.60860692036
-3565.532080035723
-23294.13862737751
-31756.257592545142
-16510.685932669974
-19183.457473806466
-19540.402958536684
-7681.846210843101
-19482.072464867353
-15461.872152704713
-18658.265808087395
-14841.548311494562
-26308.55424178671
-10411.106158071303
-100150.68789273276
-2982.985315497661
-6454.616444401933
-9323.727858725462
-9371.259097909055
-51935.86109445079
-15812.483239949775
-13273.493441022436
-11342.332275429368
-5242.8247282445
-4998.466130047606
-14550.172022145402
-89823.31101819854
-17546.336115072496
-13820.01145856278
-14638.465372281076
-35875.454983284566
-195438.7720339326
-52204.6509962074
-31959.279638478987
-29716.218254107218
-29383.448238233766
-822182.6272270654
-256551.4181214591
-120439.23096708658
-231826.31530880748
-6134.437351064909
-78745.97683111366
-29388.33957542391
-175987.16229197592
-34336.920975389556
-197336.51868987555
-209357.17793381098
-32882.51285590372
-37346.0567177156
-13400.326877267038
-37841.11264924851
-27242.61798627054
-39333.797818193576
-92873.77172018001
-532622.4263495286
-61459.12054697043
-33886.79619476553
-158584.08519150235
-34316.04401028854
-30786.663537559565
-27760.30626564007
-215823.2306331213
-140417.40222829598
-25801.130522218682
-16179.465687107448
-98972.77541273953
-80673.91586633725
-110847.71304738926
-31645.75612008291
-17911.60552294757
-25638.656937143067
-6030.375051861113
-7394.289931347876
-12011.783005196708
-34884.85618517255
-19921.669291896123
-38975.20580425388
-39597.89481615433
-18161.550570263185
