-19996.088018528088
-3966.1301737181343
-23860.39890973368
-33524.343470025146
-15179.801593353952
-18110.150879616405
-18998.4185176704
-7907.768117675089
-18796.840234013554
-15656.826388547157
-18860.174954843085
-14963.667462491665
-25805.736716365875
-11296.595435086561
-109104.11305166411
-3105.8306330939
-6171.374398624933
-7741.654943961867
-9777.589434378808
-49084.59815280067
-16812.86719393068
-13813.329640191389
-11251.532464422307
-5688.5135329928735
-5574.323244425125
-16663.656991668817
-89914.82891849721
-17342.295651931476
-15435.153979104947
-15733.279881657607
-35397.0059495535
-192933.7655582156
-52972.87765172251
-31904.6980632641
-28248.348388022114
-29700.23605533005
-818391.3352746146
-257382.86033986864
-118282.34558760065
-231111.234457366
-6510.264377054279
-84815.16088026877
-30315.95383875907
-179972.81748557862
-37486.799450773964
-201273.31039993122
-212387.9599976423
-33041.18569006827
-37682.586422412576
-13117.785996177534
-35455.717068958584
-28358.187479962933
-39158.31391244785
-92122.35387739872
-508289.4739856669
-61641.48565375784
-35139.2790249149
-159656.61348088094
-36083.81929613031
-32176.969063056407
-27708.16803536316
-210688.51654798485
-138748.63846011946
-27913.380838205114
-16686.594068840306
-99850.7272136875
-82208.96265603832
-109908.04922667352
-31574.26776762729
-17888.43178680191
-26147.532181302366
-5932.960565679782
-6786.324256383345
-12044.68553760024
-34730.403202475165
-19961.037262632013
-39703.02142836063
-38620.266959132634
-17596.797406237227
