-18921.35235412982
-3780.856497120546
-25416.72313417778
-33281.21934949295
-15888.914248977939
-18293.7969982466
-18781.616444118365
-7876.502088615282
-19192.748971674766
-15108.198505400524
-19129.85895012773
-14490.594344241066
-25854.866789087904
-10692.458700170657
-103935.69103289876
-3192.7349412492763
-6158.171893352404
-9082.635741109632
-8101.3719814435035
-52743.48514211036
-17399.29998256574
-12347.857984082539
-12420.225910112746
-5663.998267074018
-5072.084585515707
-15461.431634779798
-91340.69588424088
-17259.082722599043
-13261.05244253536
-17208.408625989767
-34580.0905931292
-192913.2773724405
-52567.24564175974
-31981.219897674837
-27688.547226117706
-29759.165451219706
-808424.4424339811
-256004.5455722641
-118417.38203780755
-230440.7537881041
-6273.032431829645
-78662.0142164212
-29223.203419330173
-173656.01812738745
-37371.817505013925
-197708.41700139962
-210688.0776237279
-32638.030221689372
-37541.827897758114
-13319.871503616825
-36030.249359873036
-29001.086534698265
-39267.86824866682
-92740.04188468808
-517738.9300636587
-62372.38226930427
-33727.09006999493
-157830.9265414619
-34520.878370382634
-34025.62754545358
-27445.823559875378
-211473.88082396626
-139829.41121035677
-27596.258394931137
-16377.031969960477
-100065.0551760445
-80778.4072358537
-111207.71698717725
-32312.30212710118
-17818.564219575594
-26557.4417457729
-6802.168167463798
-7522.753745714368
-9971.42573737517
-35695.88933435469
-20090.880068913986
-40058.12725158787
-39369.02897347193
-17555.00252918134
