-19661.71548516369
-4251.006406407594
-23980.33078150111
-33043.221275975884
-17462.557387250876
-18886.043883659568
-18768.78956801038
-7773.679865536592
-18344.758536611596
-13714.483929237187
-18168.75248058778
-14750.973645263715
-24709.922387368344
-10762.916832229123
-105467.48933326415
-3038.6778922288468
-6155.58171690273
-9038.772988911403
-9039.630535528126
-51676.865197731815
-16370.640900309752
-12877.920009851441
-12239.768138625881
-5291.315193814783
-5403.380292195964
-14737.126552279007
-90073.1862288352
-18170.746297304446
-14266.945765403272
-17261.835371673
-34643.08513595133
-191169.66672501634
-52390.379522015675
-31422.926599334452
-28471.06002947008
-29792.648075149835
-808409.7391201047
-255506.8388483656
-118514.7270078442
-230770.00053807307
-6590.021450757347
-87491.28571924727
-29496.80630424683
-182058.2435428247
-35990.10461877201
-197785.56030023796
-210289.08787138964
-32995.76978932813
-37119.46769720801
-13056.2287659574
-35690.68128006784
-27776.81376753764
-39066.393778302714
-92461.45351490616
-533033.8215943533
-61331.09846373364
-33135.697361122824
-158203.6122557597
-34430.55970070733
-34362.79867572776
-27159.007006733416
-211769.5701321799
-141531.8162039578
-27543.81518884244
-17147.689409963536
-99197.22980498661
-80923.79480430264
-111998.29743491352
-32015.103568899747
-17640.513829206648
-25931.165089382288
-6586.314577229551
-7835.2492696989775
-11208.528229360661
-35420.9032416279
-20095.7946120043
-39962.691222976915
-39662.26006200463
-17411.956435169384
