-19249.169976023783
-3752.95433341225
-23066.333515209648
-33790.76917445754
-15462.756140673171
-18823.302881351472
-19885.098983606167
-7820.993305333189
-19553.77957848113
-13947.23141603045
-17727.716696375897
-15317.675014268385
-25518.422998250033
-10685.987224754406
-97840.83393805218
-2981.7475742069787
-6085.638210999954
-8968.030063873253
-8697.364122848006
-52779.2893436097
-15412.902675930734
-14012.537496098868
-11826.73087558484
-5524.904535340471
-5303.131894630844
-14952.735334195964
-89317.96043921605
-18092.832042216443
-13617.619185942998
-16718.971383038566
-35049.198402562
-197273.70353770012
-53223.84473921641
-31461.539676512686
-28947.42677706164
-29818.949623393593
-812994.3469939824
-257826.6906213965
-118786.62604340768
-231877.05043027276
-6984.5016967699075
-87299.16467423076
-30201.219214431512
-170656.72462299303
-37299.8708255835
-202383.15854975977
-211834.03874535664
-32442.285028837763
-37487.25981949948
-13460.91481144264
-37689.23535762306
-30466.1643313111
-38902.328385167995
-89628.1991332422
-503653.70580454136
-63029.9978961273
-34268.313311017526
-159332.9878488077
-35034.15424890767
-31837.732456597772
-27698.682230088605
-211979.81685153447
-139377.34409088176
-26786.710419514136
-16536.561650802912
-99356.95611405624
-80151.63889166269
-110605.71529310627
-31249.573902893826
-17834.984587693234
-26484.12349126979
-6665.423539957843
-7219.585230358743
-12069.629876619027
-35007.79451690789
-19607.606158548973
-40326.97738640287
-39766.29302359094
-17363.897046720565
