-19161.18946824818
-3912.907599023911
-24329.209984489567
-32510.607230136404
-17816.71232044357
-17950.488736053776
-19010.99552513266
-7857.20502380281
-18565.265797725784
-15696.179657315297
-17809.49315060977
-15546.300129307365
-24830.591113361363
-10854.485609799987
-103405.60289292359
-3469.8606442033138
-6568.446724939651
-8689.767544140865
-8375.613921373744
-48297.89841475335
-16415.51541233386
-13123.226687520344
-10726.132545756884
-5848.365973500278
-5077.575769402768
-14831.347248825654
-88794.31765167837
-18127.744386291717
-14830.292473191308
-15814.56860380791
-35226.355146713315
-192249.60038028783
-52726.78995925779
-30718.905221960413
-27627.484911092928
-29810.34426030139
-825062.9899696782
-258681.40306401593
-118514.00418103093
-232257.8778136177
-7456.987318696807
-84676.88260073368
-29974.520585587336
-175443.25356412726
-35604.78907398596
-198193.93719891112
-215025.3681610084
-32403.34090384129
-37484.66631710454
-13388.361568249444
-36263.580394180666
-28682.23681724309
-38975.51337648845
-95932.92451103577
-510626.0574397769
-62366.546038643595
-33715.283400866785
-159610.6984267139
-34635.09926918893
-30584.217856325035
-27114.8319931007
-215128.2061910176
-139764.03194412243
-27824.428638588048
-17012.31615744005
-97311.46819490989
-81483.0206187291
-110750.26305059242
-31271.367260402472
-17786.329422507097
-23744.770135882365
-6485.015141765296
-7279.155643894694
-11291.219871915795
-35097.53399594842
-19627.037518769426
-39896.852219565815
-39296.13311507072
-17617.037789991446
